0.173039
0.293900
0.386984
0.600567
0.814830
1.028889
1.243469
1.456508
1.673628
1.882698
3.405964
3.619546
4.525850
4.621564
5.328163
5.962585
7.020816
7.999252
8.351497
8.527959
8.750975
9.264400
10.240635
11.083923
11.438798
12.700658
15.174762
15.416485
15.611769
16.817755
18.606077
19.001678
19.528662
20.320114
20.758118
21.590725
22.033106
23.032042
23.738482
24.860386
25.454218
29.739864
30.168232
30.599728
31.025942
31.454126
31.882675
32.311337
32.740837
33.146484
33.169979
33.596870
33.818707
34.024559
34.453899
34.883400
35.310951
35.742538
36.168049
36.597347
37.026054
37.454468
37.882652
38.312721
38.611042
38.740295
39.167824
39.597801
40.026348
40.454193
40.883652
41.312222
42.169228
42.601791
43.241928
43.455807
43.671883
43.883560
44.099548
44.312176
44.529457
44.740929
44.957619
45.169998
45.386395
45.599590
45.814941
46.029137
46.242859
46.454262
46.671612
46.883492
47.098797
47.313492
47.528004
47.741497
47.957325
48.171383
48.386211
48.598980
48.813423
49.026169
49.242722
49.454990
49.671112
49.883537
50.100658
50.313129
50.529274
50.743061
50.957802
51.169479
51.385555
51.597618
51.815193
52.025829
52.242493
52.456486
52.671452
52.884422
53.101406
53.311089
56.013878
56.310749
56.720772
60.600998
60.929729
61.142632
61.355350
61.458641
61.593334
61.671066
61.890453
62.103310
62.313698
62.644150
62.855080
63.070408
63.171497
63.389977
63.603153
63.817371
64.030365
64.359116
64.571251
64.785622
64.885399
65.104263
65.316147
65.449707
65.531700
65.742538
65.859932
66.072449
66.291702
66.504852
66.580116
66.817184
67.031860
67.246735
67.455940
67.786667
67.999931
68.212585
68.314697
68.530022
68.746284
68.959747
69.171791
69.500816
69.712067
69.926437
70.025871
70.246010
70.459770
70.673470
70.885849
71.214310
70.428116
71.639954
73.460632
74.312515
74.638710
74.856079
75.068230
75.391495
75.531769
75.601021
75.817055
76.029251
76.355484
76.568642
76.783493
77.104492
77.246986
77.314468
77.533150
77.742020
78.069023
78.284622
78.497322
78.817711
78.964577
79.028389
79.246666
79.455078
79.782158
80.008278
80.224266
80.314148
80.532471
80.743515
80.959953
81.171951
81.499458
81.713806
81.925446
82.247147
82.390816
82.457275
82.676285
82.885490
83.211540
83.427208
83.640388
83.961021
84.106483
84.170479
84.389999
84.598206
84.924988
85.141449
85.354195
85.455963
85.885895
86.101974
86.316055
86.639954
86.867935
87.093788
87.172493
87.514175
87.599136
87.815689
88.028275
88.355034
88.569252
88.783264
89.100479
89.312767
89.528091
89.741043
89.957664
90.067619
90.283127
90.497620
90.815491
90.962471
91.027939
91.244736
91.453880
91.782539
91.998528
92.211586
92.529228
92.678596
92.742332
92.956459
93.171516
93.386078
93.501404
93.723648
93.815689
93.942062
94.026939
94.243492
94.454147
94.671448
94.884377
95.210999
95.429161
95.638908
95.957962
96.170410
96.387619
96.597435
96.925919
97.143265
97.353630
97.456123
97.672516
97.822723
97.885536
98.100227
98.314560
98.528595
98.739662
98.958321
99.168999
99.385033
99.596710
99.812088
100.026505
100.242203
100.459724
100.671021
100.886330
101.100479
101.314148
103.491409
103.717644
104.326057
104.534241
104.673920
105.470383
105.596146
105.991974
106.217323
108.058228
109.478729
109.892723
110.332901
110.477776
111.040184
111.547234
112.250298
113.146736
113.288795
114.827278
115.900818
116.103333
116.424446
116.488617
117.169754
117.596893
118.026169
118.454742
118.882767
119.310951
119.741676
120.168915
120.598366
121.025871
121.452927
121.717072
121.882835
122.312767
122.741364
123.170570
123.596550
124.025757
124.454872
124.884399
125.311111
125.740723
126.168159
126.596420
127.026123
127.455986
127.882835
128.312057
128.742065
129.169662
129.600571
130.028595
131.323608
131.760254
133.681473
133.900406
134.288666
134.968781
135.157944
135.181152
135.360855
136.032852
137.332489
137.751785
138.176865
139.283508
139.684128
139.748596
139.893066
140.316162
140.539185
140.733627
141.190857
141.550797
142.756027
143.313156
143.746979
143.935471
144.194473
144.599564
145.034973
145.458755
145.884781
146.314331
147.171631
147.605438
148.003159
148.031677
148.884628
149.317963
149.743469
150.600220
151.035217
151.459793
152.314392
152.960861
153.458572
154.028656
154.446533
154.885483
155.745651
156.598984
157.152328
157.382172
157.456757
158.318024
158.853668
159.070312
159.389542
159.534180
159.605103
159.815674
160.032089
160.353790
160.580841
160.811722
160.889755
161.016220
161.105331
161.226669
161.310730
161.529587
161.741638
162.069229
162.283310
162.497284
162.816605
162.959930
163.029358
163.243240
163.456802
163.671768
163.783630
163.997208
164.212341
164.529953
164.673676
164.743042
164.956299
165.171112
165.498428
165.713577
165.926819
166.244324
166.392105
166.456482
166.674042
166.883881
167.100220
167.211426
167.435730
167.529572
167.651093
167.743042
167.958099
168.172562
168.385742
168.599304
168.814041
168.925873
169.143021
169.355011
169.673065
169.886215
170.100159
170.314194
170.639938
170.856583
171.069473
171.387024
171.534256
171.600540
171.817444
172.027206
172.243057
172.455063
172.571762
172.671722
172.884583
173.101227
173.313202
173.529724
173.744553
173.957550
174.170975
174.297226
174.385757
174.600250
174.816010
175.028076
175.243927
175.457260
175.784744
175.999451
176.210541
176.529526
176.741974
176.956558
177.170090
177.496002
177.712067
177.926331
178.244064
178.392014
178.456100
178.673492
178.881989
179.099823
179.210800
179.639801
179.958542
180.107666
180.171341
180.385422
180.600174
180.813110
181.153046
181.241928
181.368073
181.455322
181.670654
182.102692
182.314285
182.641159
182.855164
183.068588
183.388748
183.602951
183.817444
184.031570
184.353943
184.570251
184.781815
185.104324
185.248825
185.316956
185.531082
185.744110
186.068115
186.284149
186.498230
186.818863
186.963745
187.029755
187.248215
187.460770
187.782791
188.010681
188.238281
188.316559
188.424301
188.536346
188.658417
