1.456508 7 0
3.405964 4 0
4.621564 8 1
7.020816 10 2
9.2644 3 1
11.438798 6 2
15.174762 5 1
16.817755 8 1
20.320114 2 2
22.033106 1 2
24.860386 7 1
29.739864 2 2
31.454126 6 2
33.146484 10 2
34.4539 8 2
36.16805 5 2
37.882652 7 2
39.5978 10 1
41.31222 7 2
43.24193 1 2
44.529457 4 1
45.81494 2 1
47.098797 10 2
48.38621 10 2
49.671112 1 2
50.9578 3 2
52.242493 1 2
56.013878 8 2
60.600998 2 2
62.10331 2 2
63.389977 4 2
64.78562 7 1
66.07245 6 1
67.45594 8 1
68.95975 7 1
70.24601 3 1
71.63995 9 2
74.63871 8 1
76.02925 4 1
77.53315 1 1
78.81771 5 2
80.00828 5 1
81.49946 3 1
82.88549 4 2
84.39 1 2
85.885895 3 1
87.17249 2 1
88.56925 10 0
89.957664 8 1
91.244736 10 1
92.52923 10 2
93.72365 6 2
94.88438 3 1
96.38762 7 1
97.672516 4 1
98.95832 1 1
100.2422 6 1
103.49141 10 1
105.47038 5 1
108.05823 7 1
111.040184 3 1
113.146736 2 2
114.82728 8 2
117.169754 6 2
118.88277 8 2
120.598366 2 2
122.31277 4 2
124.02576 7 1
125.74072 8 2
127.455986 10 2
129.16966 10 1
131.32361 1 1
133.68147 1 1
134.96878 9 2
137.33249 7 1
139.28351 4 1
140.73363 10 1
142.75603 3 0
144.59956 5 0
146.31433 5 0
148.88463 6 0
150.60022 10 1
152.31439 4 1
154.02866 3 1
155.74565 9 0
158.31802 6 0
160.03209 2 0
161.52959 2 0
162.8166 3 1
163.99721 4 0
165.49843 10 1
166.88388 9 0
168.17256 5 1
169.67307 10 0
171.06947 1 0
172.45506 8 1
173.74455 2 0
175.02808 7 0
176.52953 8 0
177.92633 10 0
179.6398 1 1
181.15305 7 0
182.31429 7 0
183.81744 10 1
185.10432 9 1
186.28415 8 1
187.78279 2 0
